0.490716106456
0.224669190904
0.32830266133
0.529939833218
0.663468597246
0.66443243742
0.290557445934
0.051686567725
0.202822886009
0.801382940361
0.325093532937
0.40171417884
0.257236971599
0.00485392719565
0.46483351636
0.839261496378
0.675841659042
0.775252659402
0.50331468589
0.971927235786
0.959299302107
0.449290507311
0.0210250662392
0.139512998724
0.876219552627
0.638546731732
0.989856943213
0.516230039215
0.0297951958764
0.859282130603
0.318444167542
0.0665010282291
0.963083778325
0.599370460643
0.993675879235
0.384536502206
0.701826999818
0.377804860642
0.771198496052
0.86242256219
0.147724236012
0.931813038464
0.786791946561
0.585497385573
0.753680871303
0.717912394782
0.334137052526
0.7158865364
0.411919509938
0.798798129047
0.759500945663
0.306660675252
0.438449263673
0.315511754939
0.798600700625
0.845222197335
0.69131749982
0.361828907925
0.52718522028
0.467816988337
0.431871036562
0.776728241642
0.645389818237
0.420992627101
0.160330432347
0.483931463214
0.968746906046
0.741450396728
0.60742936459
0.270962937643
0.415889882861
0.522664081514
0.273411817342
0.137817576222
0.780405456421
0.361026029075
0.578079327328
0.0517969239024
0.275004667291
0.570552672054
0.196369519063
0.978509258394
0.819770667377
0.300247306945
0.333877398558
0.149309926138
0.042952194093
0.584210910645
0.231227863021
0.0981832344123
0.770870632798
0.777084740137
0.622844581987
0.376970413429
0.0334619908383
0.584030239576
0.598902945779
0.551832373718
0.510492829218
0.45806774626
